inner_point, midpoint, outer_point, 
[-76.50466080844768, 6.159352916109668], [-76.43935863329955, 3.544300562189477], [-76.56431791964465, 0.9293400004055314], 
[-68.3561938414535, 6.155421667058263], [-66.92970788351222, 3.5422219419647405], [-65.50322192557094, 0.9290222168712319], 
[-60.39798833595253, 6.151582210143104], [-59.263573132737164, 3.540196285662418], [-58.129157929521796, 0.9288103611817178], 
[-52.43978283045156, 6.147742753227945], [-51.597438381962135, 3.538170629360067], [-50.755093933472665, 0.9285985054921753], 
[-44.48157732495059, 6.1439032963128], [-43.93130363118705, 3.5361449730577306], [-43.38102993742352, 0.9283866498026327], 
[-36.52337181944962, 6.140063839397669], [-35.78463478379528, 3.52615064875377], [-35.04589774814096, 0.9122374581098995], 
[-28.56516631394865, 6.136224382482496], [-28.118506951756586, 3.5170873653495818], [-27.671847589564493, 0.897950348216682], 
[-20.606960808447695, 6.132384925567337], [-20.78590791401328, 3.4895648069393417], [-20.96485501957889, 0.846744688311361], 
[-19.347468331222814, 5.835945190520974], [-19.801402862914784, 3.320691549657653], [-20.255337394606784, 0.8054379087943033], 
[-17.721470985548933, 5.277130878137754], [-18.424623754837967, 2.838572284655285], [-19.127776524127, 0.4000136911728447], 
[-16.23431613241928, 4.515426482630602], [-17.50334286891629, 2.3738899215507416], [-18.772369605413274, 0.2323533604708814], 
[-14.89898123073894, 3.564289427229113], [-16.423692430801793, 1.651134450091206], [-17.948403630864647, -0.2620205270467153], 
[-13.728443739413024, 2.437177135162756], [-15.587626738574528, 0.883771060525163], [-17.44680973773606, -0.6696350141124157], 
[-12.735681117346587, 1.1475470296610553], [-14.657723273924859, -0.24530025483443296], [-16.57976543050313, -1.6381475393299354], 
[-11.933670823444658, -0.2911434660463783], [-14.079249746108928, -1.238571292608384], [-16.2248286687732, -2.18599911917039], 
[-11.335390316612404, -1.8654369287301336], [-13.51690018831735, -2.6208568481329735], [-15.698410060022326, -3.376276767535856], 
[-11.116704189255216, -2.6992293279288617], [-13.349422263095931, -3.254184350242724], [-15.582140336936675, -3.8091393725566007], 
[-11.030543115418538, -3.1282182049546208], [-13.306341726177607, -3.4686787887556108], [-15.582140336936675, -3.8091393725566007], 
[-10.962470337015674, -3.7767574838641167], [-13.248455183860443, -3.98364975237736], [-15.534440030705213, -4.190542020890618], 
[-10.910606890306667, -7.192162601496662], [-13.19327320459999, -7.383723001819945], [-15.475939518893313, -7.575283402143228], 
[-10.879208935924254, -15.150307094886799], [-13.161711764083378, -15.049793125912686], [-15.444214592242531, -14.949279156938559], 
[-10.87891998165378, -19.946560021437037], [-13.161510082189096, -20.470006836035907], [-15.444100182724384, -20.99345365063479], 
[-10.878440532849709, -27.90476643867352], [-13.161200566361487, -28.13614204353985], [-15.443960599873236, -28.367517648406164], 
[-10.878200808447673, -31.883869647291775], [-13.161045808447653, -31.969209647291805], [-15.443890808447662, -32.05454964729182], 
[-10.878249492242048, -32.780129994825245], [-13.161092459391142, -33.59591106847178], [-15.443935426540207, -34.411692142118326], 
[-10.878681772534236, -40.73833641476365], [-13.161378390962795, -41.262046277326675], [-15.444075009391355, -41.785756139889685], 
[-10.879114052826452, -48.69654283470203], [-13.161664322534449, -48.92818148618156], [-15.444214592242474, -49.15982013766106], 
[-10.901878181089103, -54.40021240430552], [-13.185226453486848, -54.61109487425554], [-15.468574725884594, -54.82197734420555], 
[-10.963418743660782, -60.00479357333691], [-13.248929387183097, -59.96167542351673], [-15.534440030705412, -59.91855727369655], 
[-11.121007364885202, -61.07803128548659], [-13.351573850911137, -60.68899560375772], [-15.582140336937073, -60.29995992202885], 
[-11.625392072435574, -62.73602031255217], [-13.672739473629946, -61.771770391667715], [-15.72008687482429, -60.80752047078325], 
[-12.35439958066965, -64.26765558721269], [-14.381882201527304, -63.24637755177298], [-16.40936482238493, -62.22509951633325], 
[-13.860508596759956, -66.31182231470726], [-15.381478538043012, -64.58876532930748], [-16.90244847932607, -62.86570834390768], 
[-14.161105182285326, -66.6199352734528], [-15.676248896747836, -64.89452078066107], [-17.191392611210347, -63.16910628786937], 
[-15.105279254159711, -67.46855640079374], [-16.445201097046606, -65.58904268464525], [-17.7851229399335, -63.70952896849673], 
[-16.488542928206414, -68.41175527747427], [-17.556161496418298, -66.34663048165726], [-18.62378006463021, -64.28150568584026], 
[-18.00815826237391, -69.1412455707761], [-18.768019739422158, -66.91697461834652], [-19.527881216470405, -64.69270366591695], 
[-19.660297233406652, -69.65500979780032], [-20.215949599131164, -67.32227949008573], [-20.510925829344018, -64.94998701807826], 
[-20.967223412738832, -69.81674451222531], [-21.37811552085472, -67.41331690854008], [-21.789007628970637, -65.00988930485484], 
[-27.02843903990174, -69.86963207657857], [-27.257117184506285, -67.44935381000775], [-27.48579532911083, -65.02907554343693], 
[-34.98662624590551, -69.88712502981362], [-34.5677889503507, -67.46599742089019], [-34.14895165479594, -65.04486981196678], 
[-42.9448134519093, -69.90461798304867], [-42.2339121796666, -67.4789272407635], [-41.523010907423895, -65.05323649847837], 
[-48.73627894031411, -69.9058621549053], [-48.81667455018301, -67.48373266994763], [-48.89707016005187, -65.06160318498996], 
[-56.694485188352274, -69.90757180443404], [-57.25697996787105, -67.48874768905594], [-57.81947474738982, -65.06992357367784], 
[-64.65269143639044, -69.90928145396276], [-64.92311508978804, -67.48949226609096], [-65.19353874318566, -65.06970307821912], 
[-72.6108976844286, -69.91099110349151], [-72.58925021170505, -67.49023684312594], [-72.5676027389815, -65.0694825827604], 
[-76.59000080844768, -69.91184592825587], [-76.42231777266356, -67.49060913164347], [-76.25463473687944, -65.06937233503105], 
[-83.00999950966174, -69.91194951459454], [-83.31934912116851, -67.49055067708343], [-83.62869873267529, -65.06915183957233], 
[-90.96820594030471, -69.91207791983335], [-90.98548433438793, -67.49050463197347], [-91.00276272847115, -65.0689313441136], 
[-98.92641237094767, -69.91220632507216], [-98.65161954760734, -67.49045858686351], [-98.376826724267, -65.06871084865486], 
[-105.79420739772783, -69.90510600413049], [-105.41239504368559, -67.4829333032135], [-105.03058268964337, -65.06076060229651], 
[-113.75240957630112, -69.89687835764913], [-113.0785255005912, -67.47441402958427], [-112.40464142488128, -65.05194970151942], 
[-121.7106117548744, -69.88865071116776], [-120.74465595749679, -67.46589475595503], [-119.77870016011917, -65.04313880074233], 
[-125.68971284416104, -69.88453688792707], [-127.42097714817893, -67.45187867705712], [-129.15224145219682, -65.01922046618716], 
[-133.12775080844767, -69.85339395513263], [-132.98350127673794, -67.4299813464288], [-132.8392517450282, -65.00656873772496], 
[-134.3748500576897, -69.68091292463436], [-134.1124709395918, -67.33354044615874], [-133.85009182149383, -64.98616796768312], 
[-135.96229903760042, -69.24690710666505], [-135.46046318425562, -66.98092296633035], [-134.95862733091084, -64.71493882599565], 
[-137.44737550190737, -68.59721218901676], [-136.61725189785432, -66.47506135144744], [-135.78712829380126, -64.35291051387807], 
[-138.811144330863, -67.74672124037019], [-137.6811348173257, -65.81075685858178], [-136.55112530378844, -63.87479247679337], 
[-140.03467040471975, -66.71032732940603], [-138.63667386347737, -65.00090113068174], [-137.238677322235, -63.29147493195747], 
[-141.0990186037301, -65.50292352480506], [-139.46843095711677, -64.05838581069573], [-137.83784331050344, -62.61384809658639], 
[-141.9852538081465, -64.13940289524788], [-140.1609680190515, -62.99610254157203], [-138.33668222995647, -61.852802187896145], 
[-142.6744408982214, -62.63465850941532], [-140.698846970089, -61.82694296625901], [-138.72325304195658, -61.0192274231027], 
[-142.81143080796608, -62.23687432189574], [-140.84106857052686, -61.4077596172215], [-138.87070633308764, -60.578644912547254], 
[-143.08780496992208, -61.42012392020554], [-141.00936987983567, -60.886283682428164], [-138.93093478974927, -60.3524434446508], 
[-143.2886894229258, -59.16403967355078], [-141.14930132074792, -59.50909118637602], [-139.00991321857003, -59.854142699201276], 
[-143.35386610022832, -54.88721869121538], [-141.21150025026043, -55.71909933135454], [-139.0691344002925, -56.550979971493746], 
[-143.3595774490436, -50.392347799092775], [-141.23045393674022, -49.78466702881438], [-139.10133042443687, -49.17698625853602], 
[-143.36968943162879, -42.4341477917404], [-141.2355489359902, -42.774896718377306], [-139.10140844035163, -43.1156456450142], 
[-143.3687668340316, -35.8692695519462], [-141.23513509322362, -35.80542559923937], [-139.10150335241568, -35.74158164653258], 
[-143.36820762929153, -31.890166375400767], [-141.2348792188696, -31.972358011346273], [-139.10155080844768, -32.054549647291765], 
[-143.36883505063233, -25.398845023257877], [-141.23515392158262, -25.696027028515317], [-139.10147279253292, -25.993209033772743], 
[-143.3686035567753, -20.94102283378203], [-141.2349907186221, -19.780083934536563], [-139.10137788046887, -18.619145035291112], 
[-143.358361613352, -12.982822992623852], [-141.2256607122612, -12.998889257474616], [-139.0929598111704, -13.014955522325408], 
[-143.34866802640568, -8.68439086203415], [-141.20471590671588, -7.162676335700908], [-139.06076378702608, -5.640961809367653], 
[-143.2165493411846, -3.2059718098076644], [-141.08891933438946, -3.542477164292748], [-138.96128932759436, -3.878982518777846], 
[-142.94740649913695, -1.9077909731014842], [-140.88311929766832, -2.629079309463833], [-138.8188320961997, -3.3503676458262106], 
[-142.71708687390353, -1.2151121717486006], [-140.6154268566999, -1.898641340194132], [-138.5137668394963, -2.582170508639649], 
[-141.64173198598283, 0.9807691345569651], [-139.87919087528775, -0.44577094647867455], [-138.1166497645927, -1.8723110275143284], 
[-140.6830557171307, 2.271774225095541], [-138.8757246616018, 0.8107900828698718], [-137.0683936060729, -0.6501940593557833], 
[-138.93225466779202, 3.908579425444813], [-137.68028795659635, 1.8796741700840158], [-136.42832124540067, -0.14923108527679574], 
[-137.5856220446157, 4.776456155811374], [-136.2647884066035, 2.69036185815321], [-134.9439547685913, 0.6042675604950318], 
[-136.11871788821747, 5.446851406636512], [-135.3253663537991, 3.089829974215533], [-134.53201481938075, 0.7328085417945402], 
[-134.55149134631614, 5.903633671935864], [-134.2023160773819, 3.41649701232204], [-133.85314080844768, 0.9293603527082297], 
[-132.58299737069177, 6.116999072710314], [-132.5805990861663, 3.523179712709279], [-132.57820080164083, 0.9293603527082297], 
[-125.81930211936535, 6.1491650437497185], [-125.51171946095688, 3.539262698228967], [-125.20413680254842, 0.9293603527082297], 
[-119.29838410931252, 6.154916837494156], [-118.56422845638426, 3.542138595101207], [-117.83007280345598, 0.9293603527082297], 
[-111.34018077344209, 6.161936392730695], [-110.89809478890282, 3.5456483727194694], [-110.45600880436356, 0.9293603527082297], 
[-103.38197743757163, 6.168955947967206], [-103.23196112142139, 3.5491581503377176], [-103.08194480527115, 0.9293603527082297], 
[-96.40017561774323, 6.1664614107995135], [-96.05402821196097, 3.547910881753893], [-95.70788080617872, 0.9293603527082297], 
[-88.441969694025, 6.1636180129235925], [-88.38789325055566, 3.546489182815904], [-88.33381680708631, 0.9293603527082297], 
[-80.4837637703068, 6.160774615047629], [-78.87824228937724, 3.5450674838779292], [-77.27272080844769, 0.9293603527082297], 
