length: 171, 
centerline_x, centerline_y, left_w, right_w 
-5.470664887844344, -54.368293490213844, 0.31, 0.31, 
-5.577143706598033, -54.3402593541898, 0.31, 0.31, 
-5.780236039909008, -54.257852062622845, 0.31, 0.31, 
-5.969407700926476, -54.14604017186559, 0.31, 0.31, 
-6.142345014919523, -54.00727059773169, 0.31, 0.31, 
-6.296734307157228, -53.84399025603482, 0.31, 0.31, 
-6.430261902908679, -53.65864606258867, 0.31, 0.31, 
-6.540614127442961, -53.45368493320694, 0.31, 0.31, 
-6.625477306029153, -53.231553783703276, 0.31, 0.31, 
-6.656420831486454, -53.11425162733076, 0.31, 0.31, 
-6.670301745895449, -52.9492884287567, 0.31, 0.31, 
-6.7179643194549765, -51.548564257063916, 0.31, 0.31, 
-6.822568216070002, -47.524699909895816, 0.31, 0.31, 
-6.9105922062854965, -43.5728723, 0.31, 0.31, 
-6.9824953161312235, -40.247697856842734, 0.31, 0.31, 
-7.06225118274562, -36.0803297486755, 0.31, 0.31, 
-7.070540605988906, -34.46419699397364, 0.31, 0.31, 
-7.054702380152353, -33.823801145056436, 0.31, 0.31, 
-7.0208512776811, -33.43511165578422, 0.31, 0.31, 
-6.969266886781755, -33.18343367178508, 0.31, 0.31, 
-6.936190666731188, -33.07167223659316, 0.31, 0.31, 
-6.886879974112201, -32.917013483953056, 0.31, 0.31, 
-6.768524074575128, -32.63409368186801, 0.31, 0.31, 
-6.626234223586424, -32.38260060543776, 0.31, 0.31, 
-6.459729827487526, -32.16225590112961, 0.31, 0.31, 
-6.2687302926198605, -31.972781215410883, 0.31, 0.31, 
-6.052955025324864, -31.813898194748894, 0.31, 0.31, 
-5.812123431943969, -31.68532848561095, 0.31, 0.31, 
-5.545954918818607, -31.586793734464372, 0.31, 0.31, 
-5.402208389740435, -31.549936542146057, 0.31, 0.31, 
-5.309532471495815, -31.533781356876435, 0.31, 0.31, 
-4.9001367186564, -31.507810994685926, 0.31, 0.31, 
-3.7827097712456013, -31.482084491210156, 0.31, 0.31, 
-1.130573556371452, -31.475221976331245, 0.31, 0.31, 
2.936975369434709, -31.49791173216529, 0.31, 0.31, 
5.618460000000001, -31.521420095526175, 0.31, 0.31, 
8.402642562614831, -31.547525433194874, 0.31, 0.31, 
10.05208473938122, -31.587352958564974, 0.31, 0.31, 
10.47353114574968, -31.632677614243832, 0.31, 0.31, 
10.60848407688687, -31.666896811753077, 0.31, 0.31, 
10.799409881248165, -31.721013495024316, 0.31, 0.31, 
11.153764368554599, -31.8572847784703, 0.31, 0.31, 
11.472989173748926, -32.02522009700804, 0.31, 0.31, 
11.754714145261469, -32.222617822645894, 0.31, 0.31, 
11.996569131522532, -32.44727632739224, 0.31, 0.31, 
12.196183980962447, -32.69699398325544, 0.31, 0.31, 
12.351188542011512, -32.96956916224388, 0.31, 0.31, 
12.459212663100056, -33.26280023636591, 0.31, 0.31, 
12.492760733488806, -33.417196785902405, 0.31, 0.31, 
12.51446752335782, -33.55438658111362, 0.31, 0.31, 
12.5383733648474, -33.921445428208514, 0.31, 0.31, 
12.538827672367225, -34.35902675461191, 0.31, 0.31, 
12.515783503615497, -34.82191652843665, 0.31, 0.31, 
12.494452784096639, -35.0469513398169, 0.31, 0.31, 
12.474031033082342, -35.20977148083705, 0.31, 0.31, 
12.402166302470603, -35.52043697105956, 0.31, 0.31, 
12.293877992457032, -35.81201093805599, 0.31, 0.31, 
12.15005709737265, -36.08324696733217, 0.31, 0.31, 
11.971594611548491, -36.33289864439395, 0.31, 0.31, 
11.759381529315599, -36.559719554747176, 0.31, 0.31, 
11.514308845004992, -36.76246328389767, 0.31, 0.31, 
11.237267552947715, -36.93988341735128, 0.31, 0.31, 
11.085760776565431, -37.01757458043575, 0.31, 0.31, 
10.917004666083228, -37.09860220425941, 0.31, 0.31, 
10.591916330444826, -37.23054402520661, 0.31, 0.31, 
10.245776072686246, -37.329368248812955, 0.31, 0.31, 
9.83862768779482, -37.39842878029984, 0.31, 0.31, 
9.330514970757894, -37.44107952488867, 0.31, 0.31, 
8.681481716562809, -37.460674387800864, 0.31, 0.31, 
7.386403010844679, -37.456007461525175, 0.31, 0.31, 
6.168460000000001, -37.43033051520313, 0.31, 0.31, 
3.8975591231555686, -37.38195636180242, 0.31, 0.31, 
2.217764931639989, -37.379887869279074, 0.31, 0.31, 
1.6648345698824532, -37.41633250689537, 0.31, 0.31, 
1.5043859296744913, -37.44839819182393, 0.31, 0.31, 
1.387785991099836, -37.47765076615133, 0.31, 0.31, 
1.1704925037218405, -37.55006623690767, 0.31, 0.31, 
0.9721609183513813, -37.63927035942989, 0.31, 0.31, 
0.7926514953017385, -37.745370095100185, 0.31, 0.31, 
0.6318244948861835, -37.868472405300786, 0.31, 0.31, 
0.4895401774179966, -38.0086842514139, 0.31, 0.31, 
0.3656588032104562, -38.16611259482175, 0.31, 0.31, 
0.26004063257684074, -38.34086439690654, 0.31, 0.31, 
0.2147888130333122, -38.43549851624934, 0.31, 0.31, 
0.17219882115499807, -38.5313026228187, 0.31, 0.31, 
0.11343240420754519, -38.70083115208308, 0.31, 0.31, 
0.06600903524371127, -38.986651472485356, 0.31, 0.31, 
0.05216434509849499, -39.29477199731117, 0.31, 0.31, 
0.04660263906145978, -39.54050182473135, 0.31, 0.31, 
0.06813130046223925, -39.97441431354717, 0.31, 0.31, 
0.09309689742975813, -40.11977199731117, 0.31, 0.31, 
0.13321826030317574, -40.28475403346556, 0.31, 0.31, 
0.24542896614340393, -40.590757928112595, 0.31, 0.31, 
0.39589422326153034, -40.86790613888378, 0.31, 0.31, 
0.5844951151751516, -41.116083698354984, 0.31, 0.31, 
0.8111127254018591, -41.33517563910202, 0.31, 0.31, 
1.0756281374592458, -41.52506699370075, 0.31, 0.31, 
1.3779224348649066, -41.68564279472698, 0.31, 0.31, 
1.717876701136431, -41.81678807475657, 0.31, 0.31, 
1.9035008942854041, -41.870054884905386, 0.31, 0.31, 
2.08033241688414, -41.91558379521007, 0.31, 0.31, 
2.4701276687815756, -41.98877333258318, 0.31, 0.31, 
3.288674344549868, -42.07990718240542, 0.31, 0.31, 
4.21846, -42.14661610719786, 0.31, 0.31, 
5.283826148309663, -42.221972939275524, 0.31, 0.31, 
6.1723630459509895, -42.308189991742424, 0.31, 0.31, 
6.533961574305669, -42.36585984123704, 0.31, 0.31, 
6.668460000000001, -42.39847570572296, 0.31, 0.31, 
6.803767122366056, -42.4357920119964, 0.31, 0.31, 
7.061799613844011, -42.52685989524953, 0.31, 0.31, 
7.302664141504797, -42.63618837649929, 0.31, 0.31, 
7.524060861001532, -42.76215331480026, 0.31, 0.31, 
7.723689927987335, -42.90313056920702, 0.31, 0.31, 
7.899251498115328, -43.057495998774186, 0.31, 0.31, 
8.04844572703862, -43.22362546255631, 0.31, 0.31, 
8.16897277041034, -43.39989481960801, 0.31, 0.31, 
8.21642918981963, -43.49164540080831, 0.31, 0.31, 
8.263889058990147, -43.5959591422009, 0.31, 0.31, 
8.338706144277738, -43.823699250843276, 0.31, 0.31, 
8.389349717996081, -44.068276734101644, 0.31, 0.31, 
8.415763860250602, -44.32291628485082, 0.31, 0.31, 
8.41789265114671, -44.58084259596562, 0.31, 0.31, 
8.39568017078984, -44.835280360320866, 0.31, 0.31, 
8.349070499285412, -45.07945427079137, 0.31, 0.31, 
8.278007716738843, -45.30658902025196, 0.31, 0.31, 
8.232266559237528, -45.41051600438951, 0.31, 0.31, 
8.189373935087213, -45.49636509122624, 0.31, 0.31, 
8.083026307816285, -45.65810888448104, 0.31, 0.31, 
7.9523960649634855, -45.80763362037824, 0.31, 0.31, 
7.797919027842665, -45.94463507574544, 0.31, 0.31, 
7.620031017767685, -46.0688090274102, 0.31, 0.31, 
7.419167856052402, -46.17985125220008, 0.31, 0.31, 
7.195765364010674, -46.27745752694268, 0.31, 0.31, 
6.950259362956368, -46.36132362846556, 0.31, 0.31, 
6.81846, -46.39741752336246, 0.31, 0.31, 
6.6225225000000005, -46.438436219367134, 0.31, 0.31, 
5.725335000000003, -46.57443244073281, 0.31, 0.31, 
5.168460000000001, -46.64752551667864, 0.31, 0.31, 
4.293506640078608, -46.75709943536549, 0.31, 0.31, 
2.4802087216373714, -46.93379506814753, 0.31, 0.31, 
0.7934599999999996, -47.07384453770635, 0.31, 0.31, 
0.2912570147857725, -47.117104217313134, 0.31, 0.31, 
-0.49279892561842153, -47.199377555961185, 0.31, 0.31, 
-0.6484819593640321, -47.22515182717403, 0.31, 0.31, 
-0.7672773212526742, -47.25523135233439, 0.31, 0.31, 
-0.9885287398553988, -47.33760647740881, 0.31, 0.31, 
-1.1906533810120408, -47.44712105344196, 0.31, 0.31, 
-1.374185010015239, -47.58430859293861, 0.31, 0.31, 
-1.5396573921576344, -47.749702608403524, 0.31, 0.31, 
-1.6876042927318782, -47.94383661234144, 0.31, 0.31, 
-1.8185594770306057, -48.16724411725716, 0.31, 0.31, 
-1.9330567103464595, -48.42045863565542, 0.31, 0.31, 
-1.9836480094129296, -48.55968555099491, 0.31, 0.31, 
-2.057257330053721, -48.80886650059695, 0.31, 0.31, 
-2.378155987517852, -50.09384929536847, 0.31, 0.31, 
-2.5738064599216752, -50.9228723, 0.31, 0.31, 
-2.768839242762251, -51.74795806351936, 0.31, 0.31, 
-3.0837669011149966, -52.994880860873124, 0.31, 0.31, 
-3.1529837626393658, -53.21606365145521, 0.31, 0.31, 
-3.2159940105789797, -53.36668623479625, 0.31, 0.31, 
-3.360398596331901, -53.63446879841382, 0.31, 0.31, 
-3.52731095328979, -53.86240884339829, 0.31, 0.31, 
-3.71722759629324, -54.05085370868778, 0.31, 0.31, 
-3.930645040182844, -54.2001507332204, 0.31, 0.31, 
-4.168059799799194, -54.310647255934285, 0.31, 0.31, 
-4.429968389982886, -54.38269061576752, 0.31, 0.31, 
-4.716867325574508, -54.41662815165827, 0.31, 0.31, 
-4.870915630355514, -54.41784974506273, 0.31, 0.31, 
-5.045803653154554, -54.41333570246779, 0.31, 0.31, 
-5.371917311914104, -54.38638948889371, 0.31, 0.31, 
-5.470664887844344, -54.368293490213844, 0.31, 0.31, 
