inner_point, midpoint, outer_point, 
[1.4495409231428482, -0.5167636334004868], [0.15599425572892756, 0.11334872811069374], [-1.1375524116850215, 0.7434610896218601], 
[-1.8789046683229174, -5.740258803653134], [-2.8811937383875943, -4.655814407441966], [-3.8834828084522712, -3.5713700112307833], 
[-10.713498669139454, -19.614396191852506], [-11.981532991204972, -18.9437085255948], [-13.24956731327049, -18.27302085933711], 
[-16.349355591087686, -28.34374840927417], [-17.506200670433742, -27.481001108091988], [-18.663045749779826, -26.61825380690982], 
[-18.217723654519347, -30.65927548907257], [-19.21473605807634, -29.628195749310535], [-20.211748461633363, -28.597116009548472], 
[-19.595729732849946, -31.76612471631087], [-20.446801201343163, -30.620699389419627], [-21.29787266983641, -29.47527406252837], 
[-21.892604623698503, -33.328646864367585], [-22.645525759504068, -32.11698855154259], [-23.398446895309633, -30.905330238717625], 
[-24.944448965205822, -34.89108377783147], [-25.470652108558426, -33.560492524409554], [-25.996855251911, -32.22990127098768], 
[-29.122195410992973, -36.332046390150325], [-29.496936784741905, -34.94263706212081], [-29.87167815849085, -33.55322773409128], 
[-36.15099081498492, -38.33947593703971], [-36.51881356303079, -36.959690367910525], [-36.88663631107667, -35.57990479878134], 
[-44.852698889540264, -40.74800312226634], [-44.95780302688212, -39.29511719574501], [-45.06290716422399, -37.842231269223646], 
[-56.99000679261228, -44.00769890264452], [-57.47029414977342, -42.656755238829106], [-57.95058150693458, -41.305811575013664], 
[-65.71454578900898, -46.3967459376949], [-66.02236356192367, -44.995740553963685], [-66.33018133483837, -43.59473517023247], 
[-70.37192645858437, -47.772036116090945], [-70.87870775714133, -46.43021446047264], [-71.38548905569829, -45.08839280485435], 
[-73.54232680938861, -48.69564199162883], [-73.93583960214733, -47.31924842482833], [-74.32935239490605, -45.94285485802786], 
[-75.13791019391381, -48.864983839274146], [-74.88997707116502, -47.44651967596283], [-74.73393636193977, -46.014085991149784], 
[-76.4461313882569, -48.26711081278336], [-75.54409439058989, -47.18204371432455], [-74.75858126081185, -46.00554423249345], 
[-77.03113331543904, -47.691595279221374], [-75.93547087424194, -46.809231293166775], [-74.83980843304485, -45.926867307112204], 
[-77.6712075761888, -46.637352878846656], [-76.35446889875533, -46.083383068117044], [-75.01830665692212, -45.579142689657445], 
[-78.10464990852464, -45.30418054669306], [-76.71539114941513, -44.95745564503582], [-75.3261323903056, -44.61073074337854], 
[-78.42386952940528, -44.390637440849915], [-77.13544834591414, -43.746722877900396], [-75.84702716242302, -43.10280831495085], 
[-78.74837167470425, -43.962722165443466], [-77.74430916919957, -42.956082139754784], [-76.74024666369489, -41.949442114066116], 
[-79.44675900975682, -43.30721277932611], [-78.45461642046918, -42.28571453780894], [-77.46247383118154, -41.26421629629178], 
[-80.59224439464116, -42.206925270402735], [-79.61090575433158, -41.175604392476885], [-78.62956711402202, -40.144283514551034], 
[-83.80616300688871, -39.097328192348186], [-82.97049575705287, -37.92750504148252], [-82.13482850721702, -36.75768189061685], 
[-87.36639798181038, -35.80864262893729], [-86.37795860953287, -34.77553307175923], [-85.38951923725537, -33.742423514581176], 
[-88.93292335497102, -34.64360327603097], [-88.13163134773336, -33.4608599981113], [-87.33033934049568, -32.27811672019163], 
[-89.7373220363233, -34.192005313132924], [-89.19614335238886, -32.86675920490208], [-88.65496466845441, -31.541513096671252], 
[-90.80853530996012, -33.885749807549104], [-90.53168771043171, -32.48094462095693], [-90.2548401109033, -31.076139434364748], 
[-93.53421647340033, -33.3650580686333], [-93.42209360618493, -31.947308442406367], [-93.30997073896953, -30.52955881617939], 
[-96.26729999843432, -33.31631761288338], [-96.35988700975881, -31.89589210278787], [-96.45247402108328, -30.475466592692385], 
[-98.69306080844768, -33.67293604332201], [-98.68022931669597, -32.23298581585942], [-99.00832925759727, -30.86420500769104], 
[-101.237419167392, -34.954395279532946], [-101.90148273066157, -33.69360630620939], [-102.56554629393112, -32.43281733288586], 
[-103.05103667455231, -36.05979592273461], [-103.86017327121539, -34.8853263752238], [-104.66930986787848, -33.71085682771297], 
[-104.26659635503825, -37.05994331541412], [-105.29154772474661, -36.05345604948877], [-106.31649909445498, -35.046968783563415], 
[-106.02372140497056, -38.9469465159727], [-107.18545433038126, -38.108356849534275], [-108.34718725579197, -37.26976718309584], 
[-107.6458234522868, -41.63810196095724], [-108.9299329918383, -41.005437608977715], [-110.2140425313898, -40.37277325699817], 
[-108.48484408356003, -44.35456099282], [-109.90789962540441, -44.18759039320898], [-111.3309551672488, -44.020619793597945], 
[-108.70326287964241, -46.53589835061999], [-110.12916922342754, -46.50660669240739], [-111.55507556721267, -46.47731503419476], 
[-108.63568874491975, -48.16483216550418], [-110.05415160539098, -48.312696573266805], [-111.47261446586222, -48.46056098102943], 
[-108.37031383332454, -49.65816836919187], [-109.75188055370657, -50.002820485053476], [-111.13344727408861, -50.34747260091507], 
[-107.73314036339264, -51.49326640932918], [-109.06878560068084, -52.02954174307344], [-110.40443083796904, -52.565817076817694], 
[-106.18180392899679, -54.80152344366154], [-107.53355906515651, -55.290024368846446], [-108.88531420131625, -55.77852529403137], 
[-104.08401848378173, -59.09758163662882], [-105.33861961436429, -59.78217348795568], [-106.59322074494685, -60.466765339282546], 
[-102.65729724590159, -62.20634935135709], [-103.98982358758835, -62.772572979206814], [-105.32234992927513, -63.338796607056544], 
[-102.34323423139995, -64.3759649436852], [-103.72904833160578, -64.27351167377938], [-105.12610689272611, -64.35573964729177], 
[-103.15787420696167, -66.29253660458205], [-104.16488382596346, -65.34833629192917], [-105.12610689272611, -64.35573964729177], 
[-107.42034257770496, -69.11322369473491], [-108.03951585736307, -67.81977803211599], [-108.80382458494161, -66.61563449166076], 
[-111.82022623422633, -71.8224158161594], [-112.42694192874441, -70.51911862377385], [-113.27967166629955, -69.36618313681822], 
[-118.15860932678315, -75.69028493998417], [-118.78728931274503, -74.39790959236457], [-119.41596929870693, -73.105534244745], 
[-122.91658917818621, -78.58943721854659], [-123.55862130581696, -77.30509723881644], [-124.20065343344768, -76.02075725908625], 
[-126.68059750407906, -80.88836802081761], [-127.35765218280041, -79.62664629131712], [-128.03470686152176, -78.36492456181662], 
[-128.79820598104766, -82.1737741416593], [-129.57698715117368, -80.97155659005503], [-130.3557683212997, -79.76933903845075], 
[-130.42680788528077, -83.08975144634674], [-131.0673458207383, -81.81863782736386], [-131.70788375619586, -80.54752420838096], 
[-131.42204827537438, -83.4862393919278], [-131.79601230926562, -82.10601811938464], [-132.16997634315683, -80.72579684684152], 
[-133.16073440693523, -83.59046100336356], [-132.8622099552254, -82.18083816784691], [-132.56368550351561, -80.77121533233027], 
[-134.9004344343412, -82.74967342553195], [-134.0776749491558, -81.57107556260021], [-133.20952074478984, -80.42645172092591], 
[-136.1256043747578, -81.45252950938323], [-134.93078585313924, -80.67690405663988], [-133.73596733152067, -79.90127860389657], 
[-137.77756610313895, -78.2052920832894], [-136.47447903193728, -77.61244836763302], [-135.17139196073563, -77.01960465197666], 
[-139.80389445286394, -73.78906500363743], [-138.46396687588276, -73.2812162491683], [-137.12403929890158, -72.77336749469913], 
[-140.90704923269834, -71.38988166371395], [-139.61069682600953, -70.78546485550285], [-138.31434441932072, -70.18104804729174], 
[-141.7323444624046, -69.61855192300416], [-140.42550400604335, -69.03369916404685], [-139.11866354968208, -68.44884640508951], 
[-142.82473510128744, -67.05604516894337], [-141.49924141523928, -66.52907273981322], [-140.17374772919115, -66.00210031068306], 
[-143.57759767949076, -64.92500278436654], [-142.20497871116638, -64.53443490021185], [-140.832359742842, -64.14386701605716], 
[-143.85742535406195, -63.35664452761962], [-142.4208833996355, -63.21598871933539], [-140.98434144520903, -63.07533291105116], 
[-143.93027846454152, -61.32370702590827], [-142.48960382459032, -61.33091712328071], [-141.04892918463912, -61.33812722065314], 
[-143.6888513630695, -59.08860777087488], [-142.27590469456422, -59.31175401735969], [-140.86295802605895, -59.534900263844484], 
[-142.8783422701981, -54.64574878508962], [-141.48303589486125, -54.95638921619067], [-140.08772951952437, -55.267029647291736], 
[-142.25650844562466, -51.41598738198894], [-140.85842316788995, -51.734263273137586], [-139.46033789015522, -52.05253916428626], 
[-141.74403640280588, -50.04136234470327], [-140.51415140026216, -50.77406267067738], [-139.28426639771845, -51.506762996651474], 
[-141.0877125614567, -49.2278584507756], [-140.10686768052423, -50.280538587268296], [-139.20065044886118, -51.39935284948466], 
[-139.74757603235898, -48.55065123029975], [-139.44154673684886, -49.94569849450721], [-139.00555056752734, -51.30625381624809], 
[-138.46006442990543, -48.31979614830314], [-138.27924650615424, -49.737778875618204], [-138.09842858240305, -51.155761602933296], 
[-127.51749946493985, -46.628128651435105], [-127.60102889115662, -48.08675617895949], [-127.68455831737339, -49.54538370648386], 
[-118.25239890641609, -45.121846212061484], [-117.96424950863798, -46.529438784524615], [-117.67610011085986, -47.937031356987774], 
[-117.82374230211043, -45.00142169985858], [-117.17617311007741, -46.27957837862874], [-116.57872735877754, -47.58199972206279], 
[-117.60450750393552, -44.854088234162575], [-116.59243726579359, -45.933134674545315], [-115.84567337064104, -47.19687928386142], 
[-117.4645838799522, -44.46677640633001], [-116.07957702131463, -44.83372261374822], [-114.69457016267708, -45.20066882116643], 
[-116.85801540429912, -42.12466964729177], [-115.4820583508184, -42.534375758588425], [-114.16509065799798, -43.17637266676455], 
[-116.22498004074532, -38.56663483345946], [-114.80331298564624, -38.519511549985424], [-113.38164593054715, -38.47238826651139], 
[-116.35242136767371, -37.66467501257114], [-114.96115063708392, -37.307146850749575], [-113.56987990649412, -36.94961868892797], 
[-116.99873144913559, -35.77775114095279], [-115.66270525271091, -35.26573161454483], [-114.32667905628622, -34.75371208813691], 
[-119.68627014711952, -28.469384064241694], [-118.44999235331025, -27.683679905752385], [-117.21371455950097, -26.897975747263047], 
[-122.62004857638496, -20.422938983100664], [-121.24620120696122, -19.99825410576196], [-119.87235383753747, -19.57356922842324], 
[-122.60577879135329, -16.53515714077244], [-121.43282188057606, -17.323624086689378], [-120.31913632645137, -18.199771662618346], 
[-121.06443680921386, -15.170655355512736], [-120.37639648046377, -16.43496496379447], [-119.68835615171366, -17.699274572076206], 
[-119.28564373286606, -14.324124443414178], [-118.78069096047078, -15.666959384396876], [-118.17877764126041, -16.966869853629575], 
[-114.96768716316257, -12.569181737231474], [-114.38325636504521, -13.874842202925507], [-113.79882556692786, -15.18050266861951], 
[-110.75311509753723, -11.190134500952809], [-110.43233738616163, -12.58511054962706], [-110.11155967478604, -13.980086598301298], 
[-107.61893969428603, -10.568495582253775], [-107.42300025136686, -11.984977419728622], [-107.22706080844767, -13.40145925720347], 
[-102.33986200823773, -10.163791976862456], [-102.3021586496281, -11.604552745640731], [-102.26445529101846, -13.045313514419021], 
[-96.43329258433025, -10.35643111964957], [-96.72500150272623, -11.769097761129657], [-97.0167104211222, -13.181764402609772], 
[-91.52706487612679, -10.962090631785173], [-91.74578478205284, -12.374347920539051], [-91.96450468797889, -13.78660520929293], 
[-89.13364174672121, -11.384663140462806], [-89.54548181311625, -12.765635070729957], [-89.95732187951131, -14.146607000997136], 
[-87.1723679562047, -11.998914865200646], [-87.61080902893278, -13.358344255068715], [-88.04925010166085, -14.717773644936742], 
[-85.51237790151119, -12.504009636995221], [-85.87400490496279, -13.878501396100475], [-86.2356319084144, -15.252993155205758], 
[-83.90775012526329, -12.879770404677473], [-84.2003151760212, -14.278512259716507], [-84.4928802267791, -15.67725411475557], 
[-81.40854502975039, -13.449131753264268], [-81.78056982856765, -14.83610767673494], [-82.1525946273849, -16.22308360020564], 
[-79.1303465116795, -14.173650639559284], [-79.6156363519849, -15.52022927921034], [-80.10092619229029, -16.866807918861426], 
[-77.4947218324828, -14.778302756714282], [-77.93400530413813, -16.139412080769205], [-78.37328877579345, -17.500521404824127], 
[-75.93200455385805, -15.348539799143694], [-76.39912310279857, -16.69881564129996], [-76.8662416517391, -18.049091483456266], 
[-74.80494947162309, -15.753164869169908], [-75.29147483114649, -17.09711440131693], [-75.77800019066989, -18.44106393346391], 
[-73.34041913826479, -16.31916264484201], [-73.85351838849512, -17.652457367420993], [-74.36661763872544, -18.985752089999963], 
[-71.87612615427547, -16.923519220117043], [-72.44827398150046, -18.229785603400117], [-73.02042180872546, -19.53605198668319], 
[-70.4535689381477, -17.502884421667986], [-70.95425483895511, -18.841203745602982], [-71.4549407397625, -20.17952306953798], 
[-69.03743204414585, -18.04651579123093], [-69.51655116155602, -19.39583136409111], [-69.9956702789662, -20.745146936951272], 
[-67.268193071742, -18.707602979306984], [-67.82579487546761, -20.02795116923788], [-68.38339667919321, -21.348299359168777], 
[-65.30714026971964, -19.56299285247175], [-65.85226152686813, -20.887603851968777], [-66.39738278401664, -22.212214851465816], 
[-62.30893646901188, -20.962246104976742], [-62.88966564736765, -22.268191506167028], [-63.47039482572343, -23.574136907357314], 
[-59.34265886807951, -22.17635992996459], [-59.80889987262911, -23.52368830789095], [-60.275140877178714, -24.87101668581728], 
[-57.47387931233396, -22.730420418446187], [-57.78674105199464, -24.13137289711129], [-58.09960279165527, -25.53232537577641], 
[-56.53978598804139, -22.90626360588827], [-56.7816536460501, -24.320087074296936], [-57.02352130405882, -25.73391054270563], 
[-55.36834325319647, -23.09244629427218], [-55.567621862377635, -24.51003197685992], [-55.766900471558785, -25.92761765944769], 
[-54.05920834816109, -23.289161918586828], [-54.28469176236922, -24.702467034673205], [-54.510175176577334, -26.11577215075961], 
[-52.58587892859971, -23.52666035919482], [-52.80180927245887, -24.941274763362856], [-53.01773961631807, -26.355889167530876], 
[-51.33887654983876, -23.73660873307847], [-51.51717877611864, -25.15359859864712], [-51.695481002398495, -26.57058846421579], 
[-50.06558009771051, -23.872766642652437], [-50.144749775660955, -25.29233758196257], [-50.22391945361139, -26.711908521272676], 
[-48.334359689777656, -23.929216343853426], [-48.36685306691412, -25.356139644953558], [-48.39934644405055, -26.78306294605366], 
[-46.69139305334562, -23.909328856980125], [-46.596988443925696, -25.32988238298863], [-46.5025838345058, -26.750435908997147], 
[-45.22688485200089, -23.709270888182033], [-44.99396264772582, -25.1221992784387], [-44.76104044345074, -26.53512766869538], 
[-42.977014276742565, -23.218517187930857], [-42.676089106750936, -24.615604434852273], [-42.37516393675931, -26.01269168177369], 
[-39.97342608414307, -22.365917898455194], [-39.54213737013657, -23.732724194321065], [-39.110848656130074, -25.099530490186936], 
[-38.23194675875423, -21.808409189546296], [-37.828549442469864, -23.18207207368225], [-37.42515212618548, -24.55573495781823], 
[-37.264386201197624, -21.5454941910876], [-36.9938412977708, -22.98205914503484], [-37.156484617881944, -24.48222547535738], 
[-35.19299191148289, -22.167491343201462], [-36.28923646415953, -23.21615579424474], [-37.15359108392657, -24.482842705144535], 
[-34.72222511308759, -22.87244491159761], [-36.0686966029549, -23.44522548554184], [-37.15359108392657, -24.482842705144535], 
[-34.630169261599065, -23.106324097022465], [-35.951068819959275, -23.645685404002222], [-37.15359108392657, -24.482842705144535], 
[-34.595466205234985, -23.197373415364908], [-35.93790809850708, -23.677643808371073], [-37.15359108392657, -24.482842705144535], 
[-34.5589272967989, -23.294490863706187], [-35.90826186465026, -23.75223580639218], [-37.15359108392657, -24.482842705144535], 
[-34.480757205779426, -23.505786154541497], [-35.815995204922416, -23.99668488743002], [-37.14659566538968, -24.49928717030113], 
[-34.01505460219897, -24.829110761927296], [-35.361962591273965, -25.31218444097611], [-36.70887058034894, -25.79525812002494], 
[-33.45368588048221, -26.508061096272954], [-34.791844451375, -27.025344186885533], [-36.1300030222678, -27.542627277498127], 
[-32.92195142249197, -28.052128799080293], [-34.27192678133339, -28.531701614401527], [-35.62190214017481, -29.011274429722747], 
[-32.736248504460846, -28.533589858794656], [-33.97274604228265, -29.252926460663417], [-35.15387735296193, -30.056741250158396], 
[-32.456440101442624, -28.895190607482704], [-33.517027967246804, -29.83410855284582], [-34.577615833050984, -30.773026498208907], 
[-31.921301366060376, -29.40013833903957], [-32.79198671490826, -30.54257801831305], [-33.733974733692264, -31.62341181214873], 
[-31.553517765929556, -29.556929383916284], [-31.77835706989167, -30.96450001984047], [-31.882542984792252, -32.38501239904711], 
[-30.648463149159753, -29.480288823432645], [-30.369655145885105, -30.883817527126496], [-30.090847142610443, -32.28734623082035], 
[-28.29711805177587, -28.92926103418276], [-27.846640668183852, -30.2865144380508], [-27.396163284591836, -31.64376784191883], 
[-26.748407378555527, -28.21797134509235], [-25.85879587602588, -29.3404574370757], [-24.969184373496233, -30.462943529059075], 
[-25.479021009118867, -27.071500979610406], [-24.450137925353346, -28.066609781223747], [-23.421254841587853, -29.061718582837074], 
[-24.4561921997188, -25.777574719705243], [-23.32182618827281, -26.658846609921753], [-22.187460176826818, -27.540118500138277], 
[-22.28980791063057, -22.49588749368928], [-21.11015858068319, -23.310947812296405], [-19.93050925073578, -24.126008130903543], 
[-20.498602753225214, -19.753046458045404], [-19.291313414047778, -20.51165836907265], [-18.13290074348842, -21.34427467008237], 
[-19.756360818560466, -18.515748048801285], [-18.353944273192525, -18.900021508102284], [-17.061105678787214, -19.537309895122192], 
[-19.74910858489747, -18.385563684141374], [-18.327882369240655, -18.09914378288751], [-16.957879526324433, -17.63717178428557], 
[-19.781995645548818, -18.293190974695335], [-18.590863815786605, -17.49531571359158], [-17.34979568410631, -16.777931792346763], 
[-19.914166850306515, -18.154005400704236], [-18.993867714713446, -17.044530383075212], [-18.16209103308168, -15.869183518634813], 
[-20.43038517154659, -17.783832152517135], [-19.63768406541314, -16.594228957158833], [-18.84498295927969, -15.404625761800546], 
[-21.375020808447687, -17.199940276382847], [-20.669208967081232, -15.957320481036732], [-19.96339712571475, -14.714700685690616], 
[-22.9602581633753, -16.165418058355172], [-22.15248022307958, -14.994247851573178], [-21.344702282783857, -13.823077644791155], 
[-24.375406403949512, -14.711538094752115], [-23.114619909893435, -14.015919348281457], [-21.853833415837386, -13.320300601810814], 
[-24.809306037450966, -13.180217121153646], [-23.374115938263714, -13.121546075384742], [-21.938925839076433, -13.062875029615853], 
[-24.603856519509037, -11.688249547494706], [-23.22346406765388, -12.110822374132141], [-21.84307161579872, -12.533395200769561], 
[-23.680703451052494, -9.87780087318879], [-22.44480408618989, -10.599483614495924], [-21.208904721327286, -11.321166355803044], 
[-21.261697416085013, -6.057677780515846], [-20.088431227928538, -6.876334167042771], [-18.915165039772063, -7.694990553569724], 
[-16.373556673673875, 1.7127373531350543], [-15.165642056494477, 0.9483170422732741], [-13.957727439315107, 0.18389673141145124], 
[-12.382847993854, 8.172529242418008], [-11.183492200456072, 7.396326004698935], [-9.984136407058173, 6.620122766979861], 
[-10.500886603738081, 11.228868626604694], [-9.340638103544478, 10.399835397012382], [-8.180389603350875, 9.570802167420098], 
[-9.59681348992558, 12.601587974987055], [-8.435140396528112, 11.781032066827876], [-7.3182218852499545, 10.898720178670274], 
[-8.055680208333257, 13.722215028181765], [-7.587181608241963, 12.369715933109958], [-7.2217612864191665, 10.9822081023692], 
[-6.1303585466454535, 13.631577062920016], [-6.761404941830477, 12.351470908127723], [-7.093649618739846, 10.966568183746674], 
[-4.769633228056989, 13.08119314685733], [-5.2982481108449235, 11.76745851738302], [-5.82686299363283, 10.453723887908737], 
[-0.4027428889777127, 11.25713085563676], [-1.020993655462945, 9.961385151207693], [-1.639244421948149, 8.665639446778627], 
[3.2508252844148444, 9.68000947922529], [2.7040715676603497, 8.358512536145568], [2.157317850905855, 7.037015593065874], 
[4.767521501121479, 8.59708825041075], [3.617793077095172, 7.747027526628514], [2.4680646530688364, 6.896966802846251], 
[5.304674503134947, 7.168825033278139], [3.885285472151878, 7.061512582283925], [2.4736337004311792, 6.8750057296630445], 
[5.274791463763762, 6.283049604309184], [3.867273635770829, 6.480203980272947], [2.4597558077778956, 6.677358356236695], 
[5.046027926833403, 5.330081996778006], [3.710189756540018, 5.832335651429986], [2.401397502875085, 6.404973336562506], 
[4.161860607292823, 3.7657289238620706], [2.904344032077944, 4.453728083023677], [1.7332106798954783, 5.281987298967081], 
